,1.A.17.1.1,1.A.17.1.10,1.A.17.1.11,1.A.17.1.12,1.A.17.1.13,1.A.17.1.14,1.A.17.1.15,1.A.17.1.16,1.A.17.1.17,1.A.17.1.18,1.A.17.1.2,1.A.17.1.3,1.A.17.1.4,1.A.17.1.5,1.A.17.1.6,1.A.17.1.7,1.A.17.1.8,1.A.17.1.9,1.A.17.2.1,1.A.17.2.2,1.A.17.2.3,1.A.17.2.4,1.A.17.2.5,1.A.17.3.1,1.A.17.3.10,1.A.17.3.11,1.A.17.3.2,1.A.17.3.3,1.A.17.3.4,1.A.17.3.5,1.A.17.3.6,1.A.17.3.7,1.A.17.3.8,1.A.17.3.9,1.A.17.4.1,1.A.17.4.10,1.A.17.4.11,1.A.17.4.2,1.A.17.4.3,1.A.17.4.4,1.A.17.4.5,1.A.17.4.6,1.A.17.4.7,1.A.17.4.8,1.A.17.4.9,1.A.17.5.1,1.A.17.5.10,1.A.17.5.11,1.A.17.5.12,1.A.17.5.2,1.A.17.5.3,1.A.17.5.4,1.A.17.5.5,1.A.17.5.6,1.A.17.5.7,1.A.17.5.8,1.A.17.5.9,1.A.17.6.1,1.A.17.6.2,1.A.17.6.3,1.A.17.6.4,1.A.17.6.5,1.A.17.6.6,1.A.17.6.7,1.A.17.7.1,1.A.17.7.2,1.A.17.7.3,1.A.17.7.4,1.A.17.7.5
1.A.17.1.1,0.062158130283441075,0.9551098376313276,1.0460251046025104,1.2150668286755772,1.0204081632653061,0.6101281269066504,1.0080645161290323,0.7716049382716049,1.122334455667789,1.2484394506866419,0.19451468585878232,0.10672358591248667,0.20521239482864764,0.2847380410022779,0.5344735435595939,0.27563395810363833,0.49382716049382713,0.5546311702717692,2.785515320334262,2.2883295194508007,2.525252525252525,4.6082949308755765,3.6363636363636362,10.0,10.0,10.0,10.0,10.0,10.0,4.184100418410042,3.115264797507788,3.2679738562091503,2.5906735751295336,4.23728813559322,4.291845493562231,3.7735849056603774,10.0,10.0,10.0,10.0,3.4013605442176873,4.201680672268908,3.8314176245210727,3.558718861209964,3.9215686274509802,10.0,4.273504273504273,4.184100418410042,10.0,10.0,10.0,3.5714285714285716,3.802281368821293,10.0,3.98406374501992,10.0,10.0,10.0,4.405286343612335,4.310344827586207,3.802281368821293,3.0030030030030033,4.032258064516129,4.0650406504065035,3.4246575342465753,3.6101083032490977,3.90625,10.0,3.0959752321981426
1.A.17.1.10,0.9551098376313276,0.07836990595611286,0.8410428931875525,0.9009009009009009,0.8084074373484236,0.6561679790026247,0.983284169124877,0.8012820512820513,0.708215297450425,0.6565988181221273,0.9433962264150944,0.8795074758135444,0.8952551477170994,0.8071025020177562,0.7782101167315175,0.7479431563201198,0.6506180871828238,0.88261253309797,2.865329512893983,2.7548209366391188,2.865329512893983,3.802281368821293,3.225806451612903,3.4246575342465753,3.5714285714285716,4.166666666666667,10.0,3.7037037037037037,10.0,4.219409282700422,4.0650406504065035,4.25531914893617,4.048582995951417,4.329004329004329,4.464285714285714,10.0,10.0,10.0,3.0395136778115504,10.0,4.291845493562231,4.166666666666667,3.7735849056603774,3.389830508474576,3.4013605442176873,10.0,4.464285714285714,4.504504504504505,4.201680672268908,4.048582995951417,4.464285714285714,3.021148036253776,10.0,10.0,10.0,4.132231404958678,4.23728813559322,3.802281368821293,4.366812227074236,10.0,10.0,10.0,3.8461538461538463,10.0,4.366812227074236,4.464285714285714,3.389830508474576,4.6082949308755765,3.5842293906810037
1.A.17.1.11,1.0460251046025104,0.8410428931875525,0.1037344398340249,1.0672358591248665,1.1494252873563218,0.6968641114982579,1.2531328320802007,0.8298755186721992,0.8183306055646481,0.9124087591240876,1.0362694300518134,1.0526315789473684,0.9578544061302682,1.1312217194570136,1.445086705202312,0.9970089730807578,0.9689922480620154,1.1415525114155252,2.881844380403458,2.2522522522522523,4.219409282700422,4.566210045662101,3.875968992248062,3.5335689045936394,4.444444444444445,10.0,10.0,3.9215686274509802,3.3112582781456954,4.291845493562231,4.0650406504065035,4.132231404958678,4.424778761061947,3.41296928327645,4.166666666666667,10.0,10.0,3.717472118959108,4.273504273504273,10.0,10.0,4.291845493562231,3.6900369003690034,10.0,3.2894736842105265,10.0,4.3478260869565215,4.566210045662101,10.0,10.0,10.0,10.0,3.7313432835820897,10.0,4.184100418410042,4.484304932735426,10.0,10.0,10.0,10.0,4.444444444444445,4.524886877828054,4.273504273504273,10.0,10.0,10.0,3.6496350364963503,10.0,4.504504504504505
1.A.17.1.12,1.2150668286755772,0.9009009009009009,1.0672358591248665,0.0452100004521,1.1299435028248588,0.8382229673093043,1.6181229773462784,0.5688282138794084,1.1481056257175661,1.2690355329949239,1.3550135501355014,1.17096018735363,1.0649627263045793,1.5151515151515151,1.1025358324145533,1.1520737327188941,0.9225092250922509,1.1441647597254003,2.9940119760479043,2.7548209366391188,4.132231404958678,3.4965034965034962,10.0,10.0,10.0,3.389830508474576,4.23728813559322,3.816793893129771,3.7593984962406015,10.0,3.6496350364963503,3.90625,3.98406374501992,3.4965034965034962,10.0,3.816793893129771,10.0,10.0,10.0,3.787878787878788,3.6764705882352944,4.329004329004329,10.0,10.0,10.0,10.0,4.0650406504065035,4.0650406504065035,10.0,4.329004329004329,3.597122302158273,4.0,10.0,10.0,4.0650406504065035,4.25531914893617,3.816793893129771,2.9411764705882355,2.512562814070352,3.067484662576687,4.25531914893617,4.3478260869565215,4.23728813559322,3.1948881789137378,10.0,3.0303030303030303,3.1948881789137378,3.3557046979865772,10.0
1.A.17.1.13,1.0204081632653061,0.8084074373484236,1.1494252873563218,1.1299435028248588,0.051596924823280536,0.5408328826392644,1.1049723756906078,0.8438818565400844,0.99601593625498,0.8779631255487269,0.970873786407767,1.0090817356205852,0.800640512409928,1.303780964797914,0.9478672985781991,0.8710801393728224,0.7518796992481203,0.8176614881439085,2.450980392156863,2.092050209205021,2.5510204081632653,2.898550724637681,2.9940119760479043,3.236245954692557,4.081632653061225,2.525252525252525,3.8461538461538463,10.0,4.201680672268908,10.0,3.378378378378378,3.1645569620253164,2.4038461538461537,3.7313432835820897,3.367003367003367,3.6900369003690034,10.0,10.0,10.0,4.23728813559322,3.98406374501992,3.6101083032490977,3.937007874015748,3.3112582781456954,2.849002849002849,4.405286343612335,3.787878787878788,3.5335689045936394,4.201680672268908,10.0,10.0,3.0303030303030303,3.8910505836575875,4.132231404958678,4.366812227074236,4.0650406504065035,3.508771929824561,2.2522522522522523,2.3866348448687353,3.4246575342465753,4.132231404958678,4.3478260869565215,4.166666666666667,2.5188916876574305,3.0864197530864197,4.132231404958678,3.067484662576687,3.4246575342465753,3.0303030303030303
1.A.17.1.14,0.6101281269066504,0.6561679790026247,0.6968641114982579,0.8382229673093043,0.5408328826392644,0.07051191651389084,0.8176614881439085,0.5336179295624333,0.7485029940119761,0.7686395080707149,0.6199628022318661,0.6024096385542169,0.5482456140350876,0.6622516556291391,0.5959475566150179,0.5361930294906166,0.532197977647685,0.5605381165919282,1.8148820326678765,1.721170395869191,2.109704641350211,3.0395136778115504,2.2988505747126435,3.5714285714285716,10.0,3.1948881789137378,3.6764705882352944,2.5510204081632653,4.385964912280701,4.385964912280701,2.6954177897574123,2.05761316872428,3.0581039755351678,3.4246575342465753,4.424778761061947,10.0,10.0,4.504504504504505,4.23728813559322,10.0,3.1948881789137378,10.0,10.0,10.0,3.367003367003367,10.0,10.0,10.0,4.149377593360995,10.0,4.23728813559322,4.23728813559322,4.405286343612335,4.405286343612335,4.032258064516129,10.0,10.0,10.0,3.8910505836575875,3.4246575342465753,3.623188405797101,4.201680672268908,3.6900369003690034,4.149377593360995,3.7593984962406015,2.816901408450704,3.144654088050314,3.3444816053511706,3.787878787878788
1.A.17.1.15,1.0080645161290323,0.983284169124877,1.2531328320802007,1.6181229773462784,1.1049723756906078,0.8176614881439085,0.10851871947911014,1.1655011655011656,0.38699690402476783,0.44150110375275936,1.1723329425556859,1.0940919037199124,0.984251968503937,1.2300123001230012,1.2658227848101267,0.9000900090009001,0.9487666034155597,1.015228426395939,2.2522522522522523,3.546099290780142,3.90625,4.0650406504065035,3.6363636363636362,3.367003367003367,10.0,3.937007874015748,10.0,10.0,10.0,3.4965034965034962,4.366812227074236,4.0650406504065035,4.201680672268908,10.0,4.23728813559322,3.6900369003690034,4.424778761061947,4.385964912280701,4.524886877828054,4.048582995951417,3.5211267605633805,4.6082949308755765,4.291845493562231,10.0,4.0,10.0,3.7593984962406015,4.0650406504065035,4.587155963302752,10.0,10.0,10.0,10.0,10.0,4.545454545454546,10.0,3.952569169960474,10.0,10.0,3.9215686274509802,3.875968992248062,4.310344827586207,3.787878787878788,3.98406374501992,3.3557046979865772,10.0,3.3333333333333335,4.716981132075472,4.0983606557377055
1.A.17.1.16,0.7716049382716049,0.8012820512820513,0.8298755186721992,0.5688282138794084,0.8438818565400844,0.5336179295624333,1.1655011655011656,0.05256794406770751,1.0245901639344264,0.9541984732824428,0.8554319931565441,0.76103500761035,0.6779661016949152,0.8203445447087776,0.847457627118644,0.6353240152477764,0.6381620931716656,0.7581501137225171,3.4246575342465753,3.2051282051282053,4.25531914893617,4.048582995951417,10.0,2.9411764705882355,3.8461538461538463,2.6109660574412534,3.7037037037037037,3.717472118959108,3.787878787878788,10.0,3.623188405797101,2.237136465324385,2.7777777777777777,3.2051282051282053,4.291845493562231,10.0,10.0,10.0,10.0,3.7453183520599254,3.937007874015748,3.9682539682539684,3.717472118959108,3.717472118959108,2.8089887640449436,4.366812227074236,10.0,4.424778761061947,10.0,10.0,10.0,3.4013605442176873,4.310344827586207,10.0,4.291845493562231,4.048582995951417,4.23728813559322,2.6455026455026456,3.134796238244514,3.1545741324921135,3.802281368821293,3.937007874015748,3.4246575342465753,2.1739130434782608,3.6764705882352944,3.717472118959108,2.8328611898017,4.166666666666667,3.6764705882352944
1.A.17.1.17,1.122334455667789,0.708215297450425,0.8183306055646481,1.1481056257175661,0.99601593625498,0.7485029940119761,0.38699690402476783,1.0245901639344264,0.08513536523071685,0.1822489520685256,1.3736263736263736,1.088139281828074,1.1325028312570782,1.1778563015312131,1.145475372279496,1.0940919037199124,0.889679715302491,0.966183574879227,3.4602076124567476,3.6101083032490977,3.9215686274509802,10.0,4.3478260869565215,4.0983606557377055,10.0,10.0,4.405286343612335,10.0,4.201680672268908,10.0,4.310344827586207,3.90625,3.1545741324921135,3.816793893129771,10.0,4.184100418410042,10.0,10.0,4.032258064516129,3.8461538461538463,4.405286343612335,4.464285714285714,3.875968992248062,10.0,10.0,3.8461538461538463,3.816793893129771,10.0,10.0,10.0,10.0,3.5211267605633805,10.0,10.0,3.98406374501992,4.032258064516129,4.464285714285714,10.0,3.9215686274509802,3.1545741324921135,3.4602076124567476,4.149377593360995,10.0,4.0650406504065035,4.032258064516129,10.0,10.0,4.0650406504065035,3.1948881789137378
1.A.17.1.18,1.2484394506866419,0.6565988181221273,0.9124087591240876,1.2690355329949239,0.8779631255487269,0.7686395080707149,0.44150110375275936,0.9541984732824428,0.1822489520685256,0.08549931600547196,1.0964912280701753,1.2594458438287153,1.1025358324145533,1.0341261633919339,0.9124087591240876,0.9652509652509653,0.823045267489712,0.8347245409015025,4.273504273504273,3.4602076124567476,3.90625,4.310344827586207,3.4013605442176873,4.016064257028113,10.0,3.7313432835820897,10.0,10.0,10.0,10.0,4.016064257028113,10.0,4.405286343612335,10.0,3.802281368821293,4.444444444444445,10.0,10.0,3.90625,4.273504273504273,10.0,3.875968992248062,3.875968992248062,10.0,3.8314176245210727,10.0,4.310344827586207,10.0,10.0,3.6764705882352944,4.149377593360995,4.366812227074236,10.0,10.0,10.0,10.0,4.273504273504273,3.98406374501992,2.5839793281653747,3.875968992248062,3.952569169960474,3.90625,4.016064257028113,4.149377593360995,3.6764705882352944,10.0,4.184100418410042,4.651162790697675,4.0650406504065035
1.A.17.1.2,0.19451468585878232,0.9433962264150944,1.0362694300518134,1.3550135501355014,0.970873786407767,0.6199628022318661,1.1723329425556859,0.8554319931565441,1.3736263736263736,1.0964912280701753,0.074393691414968,0.1954652071931196,0.14425851125216388,0.30969340353050484,0.5494505494505495,0.2740476842970677,0.4582951420714941,0.5125576627370579,2.237136465324385,1.7699115044247788,3.067484662576687,4.385964912280701,3.225806451612903,4.048582995951417,10.0,3.875968992248062,10.0,10.0,4.385964912280701,4.219409282700422,2.4390243902439024,2.5380710659898478,2.8328611898017,4.0,3.4722222222222223,10.0,4.424778761061947,4.016064257028113,4.149377593360995,10.0,4.25531914893617,3.8610038610038613,10.0,10.0,3.623188405797101,4.0650406504065035,10.0,3.7037037037037037,10.0,3.802281368821293,3.937007874015748,10.0,4.11522633744856,3.9215686274509802,4.424778761061947,10.0,10.0,10.0,4.032258064516129,4.219409282700422,3.952569169960474,3.134796238244514,4.11522633744856,3.3112582781456954,2.7472527472527473,2.7472527472527473,3.0395136778115504,10.0,3.1645569620253164
1.A.17.1.3,0.10672358591248667,0.8795074758135444,1.0526315789473684,1.17096018735363,1.0090817356205852,0.6024096385542169,1.0940919037199124,0.76103500761035,1.088139281828074,1.2594458438287153,0.1954652071931196,0.061751265900950966,0.21344717182497333,0.2874389192296637,0.5359056806002144,0.279876854184159,0.49875311720698257,0.5720823798627002,2.1691973969631237,2.450980392156863,2.4330900243309004,3.717472118959108,3.875968992248062,10.0,10.0,3.8910505836575875,10.0,10.0,10.0,10.0,3.98406374501992,3.134796238244514,3.3557046979865772,4.385964912280701,10.0,10.0,3.5842293906810037,4.032258064516129,4.11522633744856,10.0,4.524886877828054,4.329004329004329,3.787878787878788,4.25531914893617,3.8314176245210727,10.0,4.385964912280701,10.0,10.0,10.0,4.424778761061947,4.23728813559322,4.081632653061225,4.329004329004329,3.4722222222222223,10.0,4.23728813559322,4.201680672268908,10.0,3.623188405797101,2.9940119760479043,2.932551319648094,10.0,4.291845493562231,2.873563218390805,3.41296928327645,2.932551319648094,10.0,2.7932960893854752
1.A.17.1.4,0.20521239482864764,0.8952551477170994,0.9578544061302682,1.0649627263045793,0.800640512409928,0.5482456140350876,0.984251968503937,0.6779661016949152,1.1325028312570782,1.1025358324145533,0.14425851125216388,0.21344717182497333,0.06707807888382077,0.2802690582959641,0.4833252779120348,0.2675943270002676,0.40816326530612246,0.5232862375719519,1.7921146953405018,1.7543859649122806,2.906976744186047,3.2679738562091503,2.8328611898017,10.0,4.273504273504273,4.366812227074236,10.0,10.0,4.032258064516129,4.016064257028113,2.557544757033248,2.6954177897574123,2.73224043715847,3.8461538461538463,10.0,10.0,4.366812227074236,4.329004329004329,3.0864197530864197,4.464285714285714,3.9215686274509802,4.048582995951417,4.329004329004329,4.166666666666667,10.0,4.11522633744856,3.875968992248062,4.149377593360995,10.0,4.23728813559322,3.952569169960474,10.0,3.144654088050314,10.0,4.23728813559322,10.0,4.23728813559322,10.0,3.215434083601286,4.201680672268908,4.11522633744856,3.2679738562091503,3.952569169960474,3.4364261168384878,3.4602076124567476,3.6764705882352944,4.11522633744856,10.0,3.5211267605633805
1.A.17.1.5,0.2847380410022779,0.8071025020177562,1.1312217194570136,1.5151515151515151,1.303780964797914,0.6622516556291391,1.2300123001230012,0.8203445447087776,1.1778563015312131,1.0341261633919339,0.30969340353050484,0.2874389192296637,0.2802690582959641,0.08505571149102661,0.6285355122564426,0.3766478342749529,0.6510416666666667,0.670690811535882,3.2894736842105265,2.5380710659898478,3.875968992248062,10.0,3.6363636363636362,3.90625,10.0,10.0,10.0,10.0,10.0,10.0,3.3444816053511706,3.6496350364963503,3.8610038610038613,4.032258064516129,3.4246575342465753,10.0,10.0,4.385964912280701,3.802281368821293,10.0,3.98406374501992,3.7313432835820897,3.597122302158273,10.0,2.958579881656805,10.0,4.524886877828054,4.385964912280701,10.0,10.0,10.0,10.0,10.0,4.219409282700422,3.8610038610038613,4.3478260869565215,3.9215686274509802,10.0,10.0,10.0,3.41296928327645,4.11522633744856,4.25531914893617,10.0,3.0864197530864197,4.184100418410042,3.546099290780142,10.0,2.9498525073746316
1.A.17.1.6,0.5344735435595939,0.7782101167315175,1.445086705202312,1.1025358324145533,0.9478672985781991,0.5959475566150179,1.2658227848101267,0.847457627118644,1.145475372279496,0.9124087591240876,0.5494505494505495,0.5359056806002144,0.4833252779120348,0.6285355122564426,0.05844876965339879,0.468384074941452,0.5379236148466917,0.6561679790026247,2.857142857142857,2.8089887640449436,10.0,3.6363636363636362,4.132231404958678,3.6900369003690034,4.273504273504273,3.257328990228013,10.0,10.0,10.0,10.0,10.0,3.1645569620253164,3.278688524590164,3.6363636363636362,4.081632653061225,10.0,10.0,10.0,10.0,10.0,10.0,10.0,3.5211267605633805,3.7593984962406015,3.2051282051282053,10.0,10.0,3.7313432835820897,3.98406374501992,10.0,10.0,10.0,4.11522633744856,10.0,4.3478260869565215,10.0,4.310344827586207,4.385964912280701,4.081632653061225,3.98406374501992,3.5842293906810037,3.6496350364963503,10.0,3.8461538461538463,3.558718861209964,3.7593984962406015,4.149377593360995,3.3003300330033003,3.90625
1.A.17.1.7,0.27563395810363833,0.7479431563201198,0.9970089730807578,1.1520737327188941,0.8710801393728224,0.5361930294906166,0.9000900090009001,0.6353240152477764,1.0940919037199124,0.9652509652509653,0.2740476842970677,0.279876854184159,0.2675943270002676,0.3766478342749529,0.468384074941452,0.05804504295333179,0.3789314134141721,0.47303689687795647,2.11864406779661,2.1052631578947367,2.0242914979757085,3.6900369003690034,2.487562189054726,3.0959752321981426,3.875968992248062,4.166666666666667,10.0,10.0,3.8610038610038613,4.3478260869565215,4.149377593360995,2.247191011235955,2.873563218390805,4.201680672268908,3.9682539682539684,10.0,4.329004329004329,3.875968992248062,4.424778761061947,10.0,10.0,4.291845493562231,10.0,10.0,10.0,10.0,10.0,3.98406374501992,10.0,4.081632653061225,4.273504273504273,4.329004329004329,2.710027100271003,10.0,4.081632653061225,10.0,4.032258064516129,4.329004329004329,3.2467532467532467,3.717472118959108,10.0,4.081632653061225,10.0,10.0,2.73224043715847,2.8011204481792715,2.7472527472527473,3.1545741324921135,2.6109660574412534
1.A.17.1.8,0.49382716049382713,0.6506180871828238,0.9689922480620154,0.9225092250922509,0.7518796992481203,0.532197977647685,0.9487666034155597,0.6381620931716656,0.889679715302491,0.823045267489712,0.4582951420714941,0.49875311720698257,0.40816326530612246,0.6510416666666667,0.5379236148466917,0.3789314134141721,0.06989585517578807,0.2655337227827934,2.865329512893983,2.0161290322580645,2.358490566037736,3.0395136778115504,3.4602076124567476,4.0983606557377055,4.149377593360995,10.0,10.0,10.0,4.032258064516129,10.0,3.3222591362126246,3.125,4.273504273504273,3.0864197530864197,4.11522633744856,10.0,4.048582995951417,10.0,10.0,4.0,3.937007874015748,4.464285714285714,4.0983606557377055,4.3478260869565215,3.663003663003663,4.545454545454546,10.0,10.0,4.081632653061225,3.7593984962406015,4.0,10.0,4.444444444444445,4.405286343612335,3.236245954692557,10.0,10.0,4.081632653061225,3.8610038610038613,3.8910505836575875,3.4722222222222223,3.8610038610038613,3.2679738562091503,4.11522633744856,2.9411764705882355,4.444444444444445,4.23728813559322,4.081632653061225,2.923976608187134
1.A.17.1.9,0.5546311702717692,0.88261253309797,1.1415525114155252,1.1441647597254003,0.8176614881439085,0.5605381165919282,1.015228426395939,0.7581501137225171,0.966183574879227,0.8347245409015025,0.5125576627370579,0.5720823798627002,0.5232862375719519,0.670690811535882,0.6561679790026247,0.47303689687795647,0.2655337227827934,0.07688167909587146,2.915451895043732,2.604166666666667,2.932551319648094,4.424778761061947,3.3003300330033003,3.3112582781456954,10.0,10.0,3.7735849056603774,10.0,3.3112582781456954,10.0,2.6455026455026456,1.8083182640144666,2.73972602739726,2.932551319648094,3.8910505836575875,10.0,4.081632653061225,4.166666666666667,4.273504273504273,10.0,4.166666666666667,10.0,4.366812227074236,3.257328990228013,3.7593984962406015,10.0,4.291845493562231,2.604166666666667,3.90625,3.2467532467532467,4.25531914893617,3.597122302158273,4.484304932735426,10.0,10.0,4.385964912280701,3.9215686274509802,3.4843205574912894,3.378378378378378,4.219409282700422,2.73972602739726,4.524886877828054,2.4271844660194173,3.7593984962406015,3.802281368821293,2.6737967914438503,3.6363636363636362,2.816901408450704,3.7593984962406015
1.A.17.2.1,2.785515320334262,2.865329512893983,2.881844380403458,2.9940119760479043,2.450980392156863,1.8148820326678765,2.2522522522522523,3.4246575342465753,3.4602076124567476,4.273504273504273,2.237136465324385,2.1691973969631237,1.7921146953405018,3.2894736842105265,2.857142857142857,2.11864406779661,2.865329512893983,2.915451895043732,0.11981787682722261,0.5208333333333334,0.9191176470588236,1.1185682326621924,0.7733952049497292,2.109704641350211,2.785515320334262,1.358695652173913,4.273504273504273,1.941747572815534,4.291845493562231,3.0303030303030303,2.493765586034913,1.8691588785046729,2.066115702479339,2.3866348448687353,2.242152466367713,2.0964360587002093,2.3041474654377883,1.9193857965451055,2.6595744680851063,1.5360983102918588,2.314814814814815,2.840909090909091,3.1545741324921135,3.1545741324921135,2.570694087403599,3.4246575342465753,2.6178010471204187,3.5211267605633805,2.8089887640449436,2.375296912114014,2.5316455696202533,3.2467532467532467,10.0,3.6363636363636362,4.0,3.2467532467532467,3.021148036253776,2.0325203252032518,1.5923566878980893,2.398081534772182,2.881844380403458,2.7472527472527473,2.0202020202020203,2.1598272138228944,3.875968992248062,2.932551319648094,3.125,3.2051282051282053,4.3478260869565215
1.A.17.2.2,2.2883295194508007,2.7548209366391188,2.2522522522522523,2.7548209366391188,2.092050209205021,1.721170395869191,3.546099290780142,3.2051282051282053,3.6101083032490977,3.4602076124567476,1.7699115044247788,2.450980392156863,1.7543859649122806,2.5380710659898478,2.8089887640449436,2.1052631578947367,2.0161290322580645,2.604166666666667,0.5208333333333334,0.09267840593141798,0.9191176470588236,0.9319664492078286,0.794912559618442,2.1645021645021645,3.9682539682539684,2.4271844660194173,3.6764705882352944,3.6900369003690034,4.11522633744856,3.6764705882352944,2.7932960893854752,2.05761316872428,2.5510204081632653,3.236245954692557,3.3112582781456954,1.834862385321101,3.4965034965034962,2.932551319648094,2.044989775051125,2.0040080160320644,2.577319587628866,3.6101083032490977,2.898550724637681,3.0395136778115504,2.7548209366391188,3.9215686274509802,3.5211267605633805,4.132231404958678,3.7593984962406015,3.3112582781456954,3.5211267605633805,3.8610038610038613,3.1545741324921135,4.424778761061947,4.132231404958678,4.524886877828054,3.4013605442176873,3.4843205574912894,2.1645021645021645,2.8089887640449436,2.785515320334262,3.2679738562091503,2.277904328018223,3.3557046979865772,2.840909090909091,3.1645569620253164,2.6109660574412534,2.309468822170901,3.012048192771084
1.A.17.2.3,2.525252525252525,2.865329512893983,4.219409282700422,4.132231404958678,2.5510204081632653,2.109704641350211,3.90625,4.25531914893617,3.9215686274509802,3.90625,3.067484662576687,2.4330900243309004,2.906976744186047,3.875968992248062,10.0,2.0242914979757085,2.358490566037736,2.932551319648094,0.9191176470588236,0.9191176470588236,0.09208951100469656,1.6420361247947455,1.3054830287206267,2.2573363431151243,3.802281368821293,4.219409282700422,4.23728813559322,3.7735849056603774,4.444444444444445,10.0,10.0,3.3112582781456954,4.166666666666667,2.525252525252525,3.597122302158273,3.2894736842105265,3.6363636363636362,3.7313432835820897,3.4246575342465753,2.6455026455026456,4.048582995951417,3.3333333333333335,3.546099290780142,3.9682539682539684,3.623188405797101,10.0,10.0,10.0,10.0,3.41296928327645,3.546099290780142,10.0,4.545454545454546,10.0,10.0,4.0983606557377055,10.0,10.0,3.278688524590164,3.1545741324921135,3.257328990228013,3.6764705882352944,3.3003300330033003,4.166666666666667,4.0983606557377055,4.166666666666667,3.98406374501992,3.115264797507788,3.546099290780142
1.A.17.2.4,4.6082949308755765,3.802281368821293,4.566210045662101,3.4965034965034962,2.898550724637681,3.0395136778115504,4.0650406504065035,4.048582995951417,10.0,4.310344827586207,4.385964912280701,3.717472118959108,3.2679738562091503,10.0,3.6363636363636362,3.6900369003690034,3.0395136778115504,4.424778761061947,1.1185682326621924,0.9319664492078286,1.6420361247947455,0.14382281029771324,1.321003963011889,3.7593984962406015,3.3444816053511706,2.493765586034913,4.6082949308755765,4.366812227074236,10.0,3.3112582781456954,10.0,3.215434083601286,2.262443438914027,2.0242914979757085,3.4482758620689653,3.508771929824561,4.016064257028113,4.424778761061947,4.11522633744856,2.4330900243309004,3.8314176245210727,3.4364261168384878,4.0650406504065035,4.405286343612335,3.7593984962406015,4.0983606557377055,4.184100418410042,3.6101083032490977,3.5211267605633805,3.5211267605633805,3.7453183520599254,4.081632653061225,3.4602076124567476,4.385964912280701,3.6900369003690034,3.6900369003690034,3.663003663003663,3.115264797507788,3.875968992248062,2.6315789473684212,4.016064257028113,2.7777777777777777,3.367003367003367,3.4965034965034962,3.4965034965034962,3.6363636363636362,4.25531914893617,3.257328990228013,3.90625
1.A.17.2.5,3.6363636363636362,3.225806451612903,3.875968992248062,10.0,2.9940119760479043,2.2988505747126435,3.6363636363636362,10.0,4.3478260869565215,3.4013605442176873,3.225806451612903,3.875968992248062,2.8328611898017,3.6363636363636362,4.132231404958678,2.487562189054726,3.4602076124567476,3.3003300330033003,0.7733952049497292,0.794912559618442,1.3054830287206267,1.321003963011889,0.06821282401091405,2.6109660574412534,10.0,3.6764705882352944,3.8314176245210727,2.4271844660194173,2.9411764705882355,10.0,1.6420361247947455,2.0833333333333335,2.5,2.8011204481792715,3.278688524590164,2.6881720430107525,2.638522427440633,2.9498525073746316,2.890173410404624,1.9305019305019306,2.816901408450704,3.4602076124567476,3.1545741324921135,3.6363636363636362,2.183406113537118,10.0,3.1948881789137378,2.915451895043732,3.6764705882352944,3.4364261168384878,3.7313432835820897,3.4843205574912894,3.4013605442176873,4.3478260869565215,4.405286343612335,10.0,3.546099290780142,3.3222591362126246,3.6764705882352944,3.1746031746031744,3.7037037037037037,2.9498525073746316,2.857142857142857,4.184100418410042,10.0,4.184100418410042,3.5211267605633805,4.484304932735426,3.7735849056603774
1.A.17.3.1,10.0,3.4246575342465753,3.5335689045936394,10.0,3.236245954692557,3.5714285714285716,3.367003367003367,2.9411764705882355,4.0983606557377055,4.016064257028113,4.048582995951417,10.0,10.0,3.90625,3.6900369003690034,3.0959752321981426,4.0983606557377055,3.3112582781456954,2.109704641350211,2.1645021645021645,2.2573363431151243,3.7593984962406015,2.6109660574412534,0.02544011397171059,2.247191011235955,1.303780964797914,0.33411293017039756,0.4703668861712136,0.966183574879227,0.5763688760806917,1.3404825737265416,2.070393374741201,2.05761316872428,2.0491803278688527,10.0,3.4246575342465753,3.067484662576687,3.115264797507788,3.8314176245210727,2.457002457002457,3.4246575342465753,3.508771929824561,3.9682539682539684,3.90625,3.0303030303030303,4.219409282700422,4.132231404958678,3.1847133757961785,10.0,10.0,3.597122302158273,2.4154589371980677,4.132231404958678,3.9682539682539684,3.663003663003663,3.8610038610038613,4.048582995951417,3.367003367003367,3.389830508474576,3.4482758620689653,3.9682539682539684,3.663003663003663,3.048780487804878,3.3112582781456954,10.0,4.219409282700422,3.115264797507788,10.0,3.8314176245210727
1.A.17.3.10,10.0,3.5714285714285716,4.444444444444445,10.0,4.081632653061225,10.0,10.0,3.8461538461538463,10.0,10.0,10.0,10.0,4.273504273504273,10.0,4.273504273504273,3.875968992248062,4.149377593360995,10.0,2.785515320334262,3.9682539682539684,3.802281368821293,3.3444816053511706,10.0,2.247191011235955,0.060371890847621346,1.99203187250996,3.0303030303030303,1.5360983102918588,1.7543859649122806,1.9011406844106464,1.8450184501845017,1.855287569573284,1.4880952380952381,1.3245033112582782,10.0,4.149377593360995,10.0,10.0,4.464285714285714,10.0,4.0,3.5211267605633805,10.0,10.0,10.0,3.4013605442176873,3.4013605442176873,3.4602076124567476,3.4602076124567476,2.0408163265306123,2.2172949002217295,3.9215686274509802,2.73972602739726,10.0,3.7593984962406015,3.875968992248062,3.105590062111801,10.0,10.0,10.0,10.0,3.816793893129771,4.149377593360995,10.0,3.9215686274509802,3.8610038610038613,4.081632653061225,3.067484662576687,3.9215686274509802
1.A.17.3.11,10.0,4.166666666666667,10.0,3.389830508474576,2.525252525252525,3.1948881789137378,3.937007874015748,2.6109660574412534,10.0,3.7313432835820897,3.875968992248062,3.8910505836575875,4.366812227074236,10.0,3.257328990228013,4.166666666666667,10.0,10.0,1.358695652173913,2.4271844660194173,4.219409282700422,2.493765586034913,3.6764705882352944,1.303780964797914,1.99203187250996,0.05222477543346564,2.652519893899204,1.557632398753894,3.8610038610038613,2.0964360587002093,1.9157088122605364,1.694915254237288,1.0559662090813093,1.8115942028985506,3.508771929824561,3.787878787878788,4.166666666666667,4.016064257028113,10.0,2.7777777777777777,4.424778761061947,4.201680672268908,10.0,3.937007874015748,3.3112582781456954,3.6496350364963503,2.6178010471204187,3.41296928327645,2.8011204481792715,2.0120724346076457,2.358490566037736,1.834862385321101,2.6246719160104988,3.012048192771084,4.016064257028113,3.5714285714285716,3.0395136778115504,2.785515320334262,2.816901408450704,2.9761904761904763,3.98406374501992,4.3478260869565215,3.125,2.6954177897574123,3.3112582781456954,2.1929824561403506,3.558718861209964,3.41296928327645,3.012048192771084
1.A.17.3.2,10.0,10.0,10.0,4.23728813559322,3.8461538461538463,3.6764705882352944,10.0,3.7037037037037037,4.405286343612335,10.0,10.0,10.0,10.0,10.0,10.0,10.0,10.0,3.7735849056603774,4.273504273504273,3.6764705882352944,4.23728813559322,4.6082949308755765,3.8314176245210727,0.33411293017039756,3.0303030303030303,2.652519893899204,0.07457121551081283,0.6253908692933083,1.3623978201634876,0.6949270326615705,2.450980392156863,2.9940119760479043,3.076923076923077,3.076923076923077,10.0,10.0,10.0,10.0,4.273504273504273,10.0,3.5842293906810037,10.0,10.0,3.787878787878788,4.25531914893617,4.273504273504273,4.0650406504065035,3.802281368821293,2.6178010471204187,3.012048192771084,2.849002849002849,3.7735849056603774,4.405286343612335,10.0,3.90625,3.7037037037037037,3.3003300330033003,10.0,4.504504504504505,10.0,3.98406374501992,4.504504504504505,4.184100418410042,10.0,4.366812227074236,4.273504273504273,10.0,3.6764705882352944,3.6363636363636362
1.A.17.3.3,10.0,3.7037037037037037,3.9215686274509802,3.816793893129771,10.0,2.5510204081632653,10.0,3.717472118959108,10.0,10.0,10.0,10.0,10.0,10.0,10.0,10.0,10.0,10.0,1.941747572815534,3.6900369003690034,3.7735849056603774,4.366812227074236,2.4271844660194173,0.4703668861712136,1.5360983102918588,1.557632398753894,0.6253908692933083,0.0839278220730172,0.7052186177715091,0.47801147227533464,0.9718172983479105,1.440922190201729,1.841620626151013,2.0746887966804977,10.0,3.5335689045936394,3.3333333333333335,3.2051282051282053,10.0,3.2051282051282053,10.0,4.23728813559322,4.032258064516129,10.0,4.11522633744856,10.0,10.0,3.6496350364963503,4.166666666666667,4.081632653061225,3.8461538461538463,3.9682539682539684,3.8910505836575875,4.219409282700422,10.0,3.717472118959108,4.149377593360995,3.787878787878788,3.802281368821293,10.0,10.0,10.0,10.0,4.310344827586207,3.1948881789137378,2.9673590504451037,2.73972602739726,3.0864197530864197,3.2894736842105265
1.A.17.3.4,10.0,10.0,3.3112582781456954,3.7593984962406015,4.201680672268908,4.385964912280701,10.0,3.787878787878788,4.201680672268908,10.0,4.385964912280701,10.0,4.032258064516129,10.0,10.0,3.8610038610038613,4.032258064516129,3.3112582781456954,4.291845493562231,4.11522633744856,4.444444444444445,10.0,2.9411764705882355,0.966183574879227,1.7543859649122806,3.8610038610038613,1.3623978201634876,0.7052186177715091,0.047734975416487656,1.146788990825688,1.6233766233766234,2.487562189054726,3.4843205574912894,2.9411764705882355,4.201680672268908,3.787878787878788,4.201680672268908,10.0,3.8314176245210727,3.6900369003690034,10.0,10.0,10.0,10.0,3.717472118959108,4.149377593360995,3.278688524590164,10.0,4.149377593360995,2.5906735751295336,2.985074626865672,3.0030030030030033,10.0,4.201680672268908,10.0,10.0,3.7593984962406015,10.0,3.717472118959108,3.4246575342465753,4.0650406504065035,3.8314176245210727,4.032258064516129,4.385964912280701,3.048780487804878,3.278688524590164,4.11522633744856,10.0,2.958579881656805
1.A.17.3.5,4.184100418410042,4.219409282700422,4.291845493562231,10.0,10.0,4.385964912280701,3.4965034965034962,10.0,10.0,10.0,4.219409282700422,10.0,4.016064257028113,10.0,10.0,4.3478260869565215,10.0,10.0,3.0303030303030303,3.6764705882352944,10.0,3.3112582781456954,10.0,0.5763688760806917,1.9011406844106464,2.0964360587002093,0.6949270326615705,0.47801147227533464,1.146788990825688,0.06711859856366198,1.6025641025641026,1.6863406408094437,1.7761989342806395,2.3255813953488373,4.291845493562231,2.8089887640449436,10.0,4.0650406504065035,3.98406374501992,3.067484662576687,3.4364261168384878,4.0983606557377055,10.0,4.219409282700422,10.0,10.0,10.0,4.219409282700422,4.25531914893617,4.016064257028113,3.98406374501992,10.0,4.219409282700422,4.385964912280701,4.291845493562231,3.5842293906810037,4.25531914893617,10.0,10.0,3.5211267605633805,3.389830508474576,3.7037037037037037,4.3478260869565215,4.3478260869565215,2.717391304347826,2.7027027027027026,4.424778761061947,10.0,3.134796238244514
1.A.17.3.6,3.115264797507788,4.0650406504065035,4.0650406504065035,3.6496350364963503,3.378378378378378,2.6954177897574123,4.366812227074236,3.623188405797101,4.310344827586207,4.016064257028113,2.4390243902439024,3.98406374501992,2.557544757033248,3.3444816053511706,10.0,4.149377593360995,3.3222591362126246,2.6455026455026456,2.493765586034913,2.7932960893854752,10.0,10.0,1.6420361247947455,1.3404825737265416,1.8450184501845017,1.9157088122605364,2.450980392156863,0.9718172983479105,1.6233766233766234,1.6025641025641026,0.042363905952128786,1.3966480446927376,1.7271157167530224,1.9230769230769231,3.717472118959108,4.366812227074236,3.90625,3.98406374501992,3.5211267605633805,3.4965034965034962,10.0,10.0,10.0,3.8314176245210727,3.4364261168384878,1.8867924528301887,2.6954177897574123,2.73224043715847,1.779359430604982,1.834862385321101,1.7331022530329288,2.680965147453083,2.0533880903490758,3.90625,3.0030030030030033,3.5211267605633805,2.680965147453083,10.0,3.717472118959108,3.4364261168384878,4.016064257028113,4.149377593360995,3.90625,3.115264797507788,3.1645569620253164,2.232142857142857,2.127659574468085,3.3222591362126246,2.915451895043732
1.A.17.3.7,3.2679738562091503,4.25531914893617,4.132231404958678,3.90625,3.1645569620253164,2.05761316872428,4.0650406504065035,2.237136465324385,3.90625,10.0,2.5380710659898478,3.134796238244514,2.6954177897574123,3.6496350364963503,3.1645569620253164,2.247191011235955,3.125,1.8083182640144666,1.8691588785046729,2.05761316872428,3.3112582781456954,3.215434083601286,2.0833333333333335,2.070393374741201,1.855287569573284,1.694915254237288,2.9940119760479043,1.440922190201729,2.487562189054726,1.6863406408094437,1.3966480446927376,0.05711674663011195,1.5552099533437014,2.0876826722338206,3.952569169960474,3.7735849056603774,3.4482758620689653,3.0959752321981426,4.149377593360995,2.9761904761904763,3.2894736842105265,10.0,4.0650406504065035,4.132231404958678,3.7313432835820897,3.3444816053511706,3.389830508474576,3.98406374501992,3.3112582781456954,2.178649237472767,2.178649237472767,2.331002331002331,3.623188405797101,10.0,10.0,3.7453183520599254,3.3444816053511706,3.952569169960474,10.0,4.166666666666667,4.25531914893617,3.90625,3.875968992248062,4.166666666666667,3.0581039755351678,2.5062656641604013,2.237136465324385,2.272727272727273,2.857142857142857
1.A.17.3.8,2.5906735751295336,4.048582995951417,4.424778761061947,3.98406374501992,2.4038461538461537,3.0581039755351678,4.201680672268908,2.7777777777777777,3.1545741324921135,4.405286343612335,2.8328611898017,3.3557046979865772,2.73224043715847,3.8610038610038613,3.278688524590164,2.873563218390805,4.273504273504273,2.73972602739726,2.066115702479339,2.5510204081632653,4.166666666666667,2.262443438914027,2.5,2.05761316872428,1.4880952380952381,1.0559662090813093,3.076923076923077,1.841620626151013,3.4843205574912894,1.7761989342806395,1.7271157167530224,1.5552099533437014,0.06317119393556538,0.4032258064516129,4.081632653061225,4.310344827586207,4.291845493562231,3.90625,3.367003367003367,3.8610038610038613,3.558718861209964,3.389830508474576,4.149377593360995,4.166666666666667,3.257328990228013,4.310344827586207,2.7932960893854752,3.144654088050314,3.717472118959108,2.4154589371980677,2.2026431718061676,2.9761904761904763,3.0030030030030033,3.4722222222222223,4.23728813559322,3.875968992248062,3.4843205574912894,3.508771929824561,3.115264797507788,4.132231404958678,3.5211267605633805,3.7735849056603774,4.016064257028113,3.663003663003663,2.680965147453083,2.9940119760479043,2.6178010471204187,3.952569169960474,2.6737967914438503
1.A.17.3.9,4.23728813559322,4.329004329004329,3.41296928327645,3.4965034965034962,3.7313432835820897,3.4246575342465753,10.0,3.2051282051282053,3.816793893129771,10.0,4.0,4.385964912280701,3.8461538461538463,4.032258064516129,3.6363636363636362,4.201680672268908,3.0864197530864197,2.932551319648094,2.3866348448687353,3.236245954692557,2.525252525252525,2.0242914979757085,2.8011204481792715,2.0491803278688527,1.3245033112582782,1.8115942028985506,3.076923076923077,2.0746887966804977,2.9411764705882355,2.3255813953488373,1.9230769230769231,2.0876826722338206,0.4032258064516129,0.06913238852402351,4.0,4.184100418410042,4.424778761061947,3.5714285714285716,4.11522633744856,3.134796238244514,3.9682539682539684,3.8610038610038613,3.937007874015748,10.0,3.875968992248062,3.1545741324921135,3.1746031746031744,3.508771929824561,2.604166666666667,2.710027100271003,2.932551319648094,3.1847133757961785,3.3557046979865772,3.2679738562091503,3.8910505836575875,3.5714285714285716,2.8011204481792715,3.98406374501992,3.134796238244514,3.9215686274509802,3.6101083032490977,3.9682539682539684,4.149377593360995,3.597122302158273,2.9761904761904763,2.0964360587002093,2.9761904761904763,3.3333333333333335,3.115264797507788
1.A.17.4.1,4.291845493562231,4.464285714285714,4.166666666666667,10.0,3.367003367003367,4.424778761061947,4.23728813559322,4.291845493562231,10.0,3.802281368821293,3.4722222222222223,10.0,10.0,3.4246575342465753,4.081632653061225,3.9682539682539684,4.11522633744856,3.8910505836575875,2.242152466367713,3.3112582781456954,3.597122302158273,3.4482758620689653,3.278688524590164,10.0,10.0,3.508771929824561,10.0,10.0,4.201680672268908,4.291845493562231,3.717472118959108,3.952569169960474,4.081632653061225,4.0,0.07049700387733521,0.8424599831508003,0.7235890014471781,0.6963788300835655,0.7189072609633358,0.7352941176470589,0.5567928730512249,0.14255167498218105,0.30931023816888337,0.2874389192296637,0.3688675765400221,10.0,10.0,4.424778761061947,10.0,4.424778761061947,3.7593984962406015,10.0,4.166666666666667,3.2894736842105265,4.329004329004329,3.9682539682539684,10.0,2.3255813953488373,1.3966480446927376,2.3255813953488373,1.8656716417910448,2.9411764705882355,2.906976744186047,1.996007984031936,4.166666666666667,3.4482758620689653,10.0,4.524886877828054,4.464285714285714
